id,EAP,HPL,MWS
id02310,0.3314605314902419,0.10344312717425946,0.565096341335497
id24541,0.7539399385246801,0.1356642190436978,0.11039584243162372
id00134,0.4581227471411674,0.45366715848930556,0.08821009436952797
id27757,0.5853783012596505,0.3545303350344952,0.060091363705854856
id04081,0.7439648537009439,0.14176124680270835,0.11427389949634857
id27337,0.5887761649220878,0.29825021862497225,0.11297361645294132
id24265,0.5072978416082895,0.3230951294165453,0.16960702897516577
id25917,0.16234320503304853,0.2807179215349831,0.5569388734319687
id04951,0.8444787684283812,0.112516532076782,0.04300469949483923
id14549,0.6226736800013036,0.16712304444484002,0.21020327555385654
id22505,0.2821322829160546,0.19281221361693635,0.5250555034670109
id24002,0.07864833486292448,0.8916900125788643,0.02966165255820985
id18982,0.34337163085026895,0.3668523249188902,0.28977604423084097
id15181,0.17640591290308788,0.7558627862655697,0.06773130083134192
id21888,0.38647771064704894,0.23850381278592406,0.3750184765670259
id12035,0.0542978177601701,0.02312914010474644,0.922573042135085
id17991,0.3520966256617159,0.13912029091995443,0.5087830834183282
id10707,0.9567712314643643,0.015756726792603336,0.027472041743032475
id07101,0.3372036177740597,0.2537168090280982,0.40907957319784377
id00345,0.33389328577285005,0.532397355324262,0.13370935890288968
id05912,0.6985500082652615,0.14131550654262787,0.1601344851921096
id13443,0.5914712961095064,0.11246251995825943,0.29606618393223383
id09248,0.2846447874824942,0.20903877616031974,0.5063164363571868
id17542,0.2037514631557523,0.6910291493087618,0.10521938753548517
id06995,0.1719012794199842,0.047835554756892544,0.780263165823124
id25159,0.6465426255420059,0.12982776607307997,0.2236296083849147
id25729,0.5922748951870891,0.2920452157290138,0.11567988908389715
id26949,0.7024207176431713,0.1771217115396703,0.12045757081715719
id27191,0.4954716096535103,0.11860172979609462,0.3859266605503928
id07668,0.40397277261234665,0.04243658112608302,0.553590646261567
id02230,0.3875654578944681,0.21466888778753837,0.39776565431799205
id15553,0.8124957583026202,0.06325767870934947,0.1242465629880317
id25688,0.13011966419660437,0.7128894416764179,0.15699089412698006
id17545,0.7678304161335266,0.08308538359237742,0.14908420027409733
id13929,0.38833471268503067,0.3902225043551423,0.22144278295982756
id12880,0.49135274853769173,0.23711635768008837,0.2715308937822214
id19282,0.40137267871921806,0.1531219710571234,0.44550535022366
id14690,0.12275420067477485,0.03952178774307859,0.837724011582146
id17975,0.16110429647456825,0.6342460764450469,0.20464962708038398
id08037,0.5765171077756401,0.05112956167393708,0.372353330550423
id15412,0.27833542012361573,0.10471492616681975,0.6169496537095643
id25032,0.23644163957950673,0.14561618231855863,0.6179421781019353
id27165,0.8971234570653711,0.045539967194108515,0.057336575740521416
id03327,0.5788259101512302,0.25023991203024104,0.17093417781852982
id18515,0.6939389516515143,0.09768706935148805,0.20837397899699897
id21003,0.3376220881276475,0.09934563237371008,0.5630322794986422
id23855,0.06076155728302253,0.6382281712859356,0.3010102714310407
id20724,0.6315673962151535,0.20517321646306774,0.16325938732177894
id13303,0.3991377607752988,0.19282003046087273,0.4080422087638283
id16521,0.07412260461154313,0.2272623449644318,0.6986150504240262
id20775,0.821684970295568,0.12029587202698436,0.05801915767744656
id13029,0.8696725697293076,0.05510763749589745,0.07521979277479783
id14660,0.6332521391690975,0.2153467464374592,0.15140111439344206
id11028,0.10995550433365651,0.0325067884227601,0.8575377072435822
id14180,0.7514146442335276,0.16138550988670203,0.08719984587977112
id25860,0.9503078899951193,0.029765738422529445,0.019926371582349646
id11910,0.5358352670812495,0.10879820892068101,0.355366523998071
id08065,0.26567474573292393,0.18183899631175662,0.5524862579553182
id22674,0.2579998450383416,0.08988609120597182,0.6521140637556847
id25018,0.29761490459320067,0.09924226955577087,0.6031428258510292
id10892,0.2932361107877475,0.5876096228478683,0.11915426636438485
id10217,0.4604709574023017,0.4604250867658897,0.07910395583181054
id12996,0.1847150528251968,0.4330619504819097,0.38222299669289317
id18262,0.506906855297316,0.18192569341197956,0.3111674512907073
id08606,0.11635274242094852,0.7953075585083603,0.08833969907069449
id17233,0.6224451374891642,0.10815671585732452,0.2693981466535109
id00101,0.5242191503419981,0.16501165790403322,0.31076919175396994
id12225,0.709713534289277,0.19733403007491054,0.0929524356358121
id01364,0.2429502448305608,0.6541933742556431,0.10285638091379663
id24973,0.5178885516602422,0.15198999857557136,0.3301214497641877
id25363,0.60981776986938,0.049799341747144406,0.3403828883834725
id10061,0.5608724252979046,0.11851750815626616,0.320610066545827
id17673,0.3915723277669931,0.46036261092340125,0.14806506130960695
id13249,0.43209116301297207,0.1523236286075637,0.41558520837946433
id10107,0.10298383954741516,0.042632146133288494,0.8543840143192979
id04403,0.6740609116910886,0.0614944701001966,0.2644446182087169
id25728,0.7049400591057541,0.07257189116678678,0.22248804972745753
id16184,0.42537256026688314,0.10729795832710717,0.46732948140600894
id03438,0.08925123701199388,0.011920775782954569,0.8988279872050525
id22923,0.2843855746261771,0.6569294400851171,0.05868498528870576
id08610,0.7783960513627995,0.07702156292398253,0.1445823857132186
id25355,0.24267897034939984,0.13406426556614462,0.623256764084457
id16916,0.49221665998718644,0.35071252237480505,0.1570708176380072
id12793,0.4134609138529642,0.41327825705516197,0.17326082909187107
id11859,0.39490942780167665,0.17651092149443423,0.4285796507038883
id02434,0.9314607086620056,0.037617801948117,0.030921489389879396
id27703,0.17691703419876198,0.05803010947935917,0.7650528563218778
id25212,0.41215920521010846,0.47184000079986477,0.1160007939900299
id11308,0.15905217220237977,0.29234759672354427,0.5486002310740762
id26094,0.62675030083493,0.20662356209218605,0.16662613707288484
id22080,0.6729695853318606,0.273531304398619,0.053499110269519375
id03545,0.7922135586706535,0.15083227316878983,0.056954168160557456
id23725,0.16538383810186835,0.14517533687252515,0.6894408250256076
id12009,0.5283448632950457,0.23443969248903737,0.23721544421591542
id24241,0.37832886370832286,0.187931020918202,0.4337401153734759
id03596,0.3314663237114674,0.5314858249975815,0.1370478512909539
id10749,0.3748180793183537,0.4073153873383467,0.21786653334329933
id22794,0.15935987524508644,0.10662605591166821,0.7340140688432464
id15482,0.5526555228691374,0.15713108184193716,0.29021339528892554
id04833,0.6125672895590139,0.24207031996692518,0.14536239047406055
id00397,0.1770336974613004,0.015294928018493227,0.8076713745202069
id14691,0.23537751320116473,0.11107070474104289,0.6535517820577922
id05193,0.1514355681030089,0.03012164969674945,0.8184427822002435
id19541,0.6696660281918274,0.11789860812082764,0.21243536368734242
id22166,0.08470063366939966,0.055345989759045186,0.8599533765715524
id20744,0.148125103439645,0.06891972997339568,0.7829551665869611
id10392,0.11339384869314488,0.02239273729533467,0.8642134140115209
id00770,0.6550698020629783,0.18374009546842737,0.16119010246859378
id06018,0.41333635164886423,0.42251657622021227,0.16414707213092336
id15678,0.3034714352843153,0.07675193543836223,0.6197766292773251
id08305,0.7794919967150382,0.14420195200314512,0.07630605128181531
id08903,0.42315497429651,0.20847312748778926,0.3683718982157006
id14752,0.5585799623159087,0.33510014249473463,0.1063198951893569
id12468,0.22202217918324849,0.6875324381358489,0.09044538268089962
id05085,0.48214576235366585,0.328539209610145,0.1893150280361883
id21993,0.21786548814162762,0.05080415206466114,0.7313303597937105
id15503,0.7458781753634263,0.18574004866287463,0.06838177597370007
id03021,0.0622049325229617,0.8635112836242171,0.07428378385281836
id16123,0.9424819361677597,0.03653675902688193,0.020981304805359924
id19383,0.8262681445573168,0.09763612696130393,0.07609572848138008
id04186,0.9515069903782153,0.02682178075754075,0.02167122886424449
id17954,0.1488226788684985,0.020613005290437497,0.8305643158410653
id12030,0.42809003068727974,0.040228539039193816,0.5316814302735257
id13020,0.5681301367407691,0.34691352591489366,0.08495633734433614
id25327,0.1778608164682597,0.3655301198458948,0.45660906368584414
id16344,0.2503176479233475,0.19280621208436605,0.5568761399922878
id12303,0.3254207077563597,0.4389190325401465,0.23566025970349486
id15017,0.7265554972479527,0.17155549069530715,0.10188901205674278
id22308,0.5408879417038703,0.14656552013264643,0.3125465381634846
id06536,0.10774695250143106,0.1864048536902384,0.705848193808327
id19797,0.18903337844723303,0.6380935102011314,0.1728731113516368
id06332,0.438124203719831,0.35097191666105354,0.21090387961911417
id22941,0.45665370346268314,0.14483750130194614,0.39850879523537047
id13547,0.18781505235791643,0.12675375894083438,0.6854311887012493
id06928,0.09821819358730875,0.021234129663709498,0.8805476767489816
id12521,0.49613034042721593,0.38413870285033025,0.11973095672245271
id25716,0.5948149274662571,0.08250127827339362,0.3226837942603497
id27116,0.021377244256825443,0.006713404833970783,0.9719093509092054
id19941,0.2106049563014209,0.5973541746057794,0.19204086909280177
id05711,0.04678849409559948,0.06728757250087994,0.8859239334035192
id02097,0.04706857421470973,0.09377757817816497,0.8591538476071268
id03563,0.23002507249415804,0.7041554967307259,0.06581943077511632
id02295,0.32411433477183804,0.44456344330442926,0.23132222192373333
id08179,0.9398972230005883,0.03274058842372258,0.027362188575695622
id05332,0.12194121410893544,0.7232760698735095,0.15478271601755383
id15697,0.521189681232255,0.17251369485232362,0.3062966239154203
id17026,0.2654676688522072,0.14359713162691176,0.5909351995208809
id04243,0.6719374607678663,0.17764525347417445,0.1504172857579582
id13175,0.9205809109846641,0.04465809177740234,0.03476099723793058
id05387,0.7196157970621144,0.08117052413361579,0.19921367880427127
id19989,0.6536357136238292,0.16038390712503559,0.1859803792511383
id25173,0.42112538453598974,0.11836063287751285,0.4605139825864979
id08925,0.219577798177577,0.6947132488050067,0.08570895301741771
id03034,0.20309045576520032,0.6755206073349159,0.12138893689988275
id13272,0.10830207910237394,0.8084574157424862,0.08324050515513777
id07956,0.7774360345425988,0.09707034501544225,0.12549362044195797
id02648,0.11247813313861599,0.08573856957413786,0.8017832972872456
id01778,0.3016230327665636,0.06284766338362635,0.6355293038498095
id12846,0.0723237506667265,0.014814456152794187,0.9128617931804779
id19001,0.34468473609285116,0.12820708636394942,0.5271081775431986
id05763,0.6350438331405862,0.12773213358246316,0.2372240332769494
id15590,0.09244694142371078,0.03430090795248681,0.8732521506238009
id04912,0.4882229033711096,0.2334156486171141,0.2783614480117772
id21201,0.7316947223078486,0.13546329848643474,0.13284197920571814
id13215,0.7655964712335827,0.08943700930529132,0.14496651946112502
id15612,0.2220282948939659,0.6317475388430189,0.1462241662630161
id18501,0.205147765922503,0.14179906631929443,0.6530531677582042
id07223,0.3022704358287518,0.46678208581499764,0.2309474783562502
id06707,0.5350591341556659,0.2710333574374585,0.19390750840687676
id05238,0.08927563947573416,0.8516169459756641,0.059107414548601224
id00935,0.15820594661560156,0.21618248211918278,0.6256115712652174
id00110,0.5559957664652104,0.11713770232181163,0.3268665312129787
id17476,0.7709203534595669,0.10927648189629473,0.11980316464413751
id15170,0.865416669587472,0.07035118430448613,0.06423214610804344
id13397,0.45363873848864605,0.17916007652561866,0.36720118498573534
id24283,0.3360672233921985,0.24587203603501012,0.4180607405727908
id15234,0.7074692620413778,0.20137622971908725,0.09115450823953475
id16884,0.48647020210273684,0.3122969858556866,0.20123281204157561
id07831,0.28956961274293197,0.4506492958623791,0.25978109139469
id16038,0.7752709370376599,0.14861849115836626,0.07611057180397417
id03629,0.7196571902955721,0.1084351297379721,0.17190767996645576
id21019,0.5855677835165218,0.2546164153674899,0.1598158011159875
id21835,0.36589872128563394,0.2138920566003782,0.42020922211398837
id04480,0.2020847991975899,0.7419341442989906,0.05598105650341884
id20838,0.45171294196246176,0.30591759111246075,0.24236946692507927
id24195,0.3672190016198923,0.3013601748293494,0.3314208235507589
id05448,0.5705367684062249,0.20446644067879954,0.2249967909149772
id15957,0.22178010763759196,0.7032784540848873,0.07494143827752041
id19956,0.1077901898438546,0.017413622500668045,0.874796187655478
id15104,0.19313004635582998,0.21108811181270476,0.5957818418314655
id17559,0.491229691710351,0.30153535837718604,0.20723494991246288
id16839,0.4492353146320075,0.18452899909804496,0.36623568626994973
id14493,0.5219752816715005,0.1328889594222723,0.34513575890622866
id08833,0.620201855124253,0.1290132993275142,0.25078484554823044
id15723,0.2813389342866492,0.21177128352383015,0.5068897821895203
id02716,0.8466810170445326,0.10155784948909753,0.051761133466368965
id06689,0.2206861437749594,0.6433978597084274,0.13591599651661393
id18837,0.42100012854756447,0.18278585125417027,0.3962140201982667
id04466,0.7803162745338246,0.10446449360473296,0.11521923186144277
id00686,0.681673591292227,0.0937914140154821,0.22453499469229043
id09010,0.43149469520339157,0.48447893979304457,0.08402636500356543
id23353,0.6718008261149385,0.14826558216901026,0.17993359171605053
id00066,0.6553821015793488,0.24315494807767357,0.10146295034297811
id15724,0.18045948077907448,0.6690992442611782,0.15044127495974888
id23486,0.3215268464166299,0.06097303031171582,0.6175001232716558
id22258,0.20925891183261322,0.08266060290563414,0.708080485261753
id02292,0.7329834617974114,0.13314822075252739,0.13386831745006164
id16356,0.3178065023128861,0.09778052886287904,0.5844129688242367
id00235,0.628179697762357,0.1060172730792479,0.2658030291583942
id25522,0.3790902168242941,0.05952411450886739,0.5613856686668394
id04204,0.2638634734233979,0.5926403095526931,0.1434962170239089
id22016,0.6263414464127709,0.12981466441727033,0.24384388916995953
id06480,0.3054393628285723,0.519824864716746,0.17473577245468203
id08718,0.15869167402744971,0.08824885559038825,0.7530594703821613
id05251,0.1313024469179685,0.7508667094251851,0.11783084365684719
id03359,0.5731269043570051,0.18177521487348,0.24509788076951397
id16117,0.19724620174420682,0.04122755626054755,0.7615262419952432
id17000,0.14461308053067984,0.7916842921091292,0.06370262736019065
id01730,0.40331397921488565,0.46543422906284704,0.1312517917222659
id00630,0.5043735583873779,0.32957907732644337,0.1660473642861807
id18175,0.21908318656245765,0.06330706647426447,0.717609746963279
id00907,0.7250885602257251,0.10005752983506422,0.17485390993921135
id18251,0.2594553855949388,0.6427927358087545,0.09775187859630363
id25861,0.512335168820585,0.25196720337840595,0.23569762780100945
id00398,0.5110707317962074,0.22802219231640378,0.26090707588739
id27573,0.8882490250327686,0.02527848257582795,0.08647249239140427
id10022,0.17047798997674343,0.4926637120805473,0.33685829794270766
id15901,0.23255764325995298,0.03605376110662288,0.7313885956334224
id00451,0.2962167256931116,0.11412830514891882,0.5896549691579684
id23129,0.20672644488731107,0.6256537202442954,0.16761983486839688
id26498,0.3833196175561861,0.3915051881486167,0.22517519429519484
id14741,0.30182842463068227,0.3106346890212402,0.3875368863480778
id18453,0.3734996825687275,0.09471778921772298,0.5317825282135502
id08309,0.7694040399709218,0.0853815097124971,0.14521445031658037
id00320,0.8700302940665381,0.0491634616747837,0.0808062442586751
id07688,0.3038198607423401,0.11816528541016351,0.578014853847495
id01556,0.28213514054565464,0.08408743218068927,0.6337774272736575
id00178,0.5174208243442439,0.09965414447611713,0.3829250311796421
id18902,0.3203452548227756,0.18310915243485418,0.49654559274237003
id27002,0.6679930362612604,0.18603180301281325,0.1459751607259265
id21418,0.8830924893554855,0.07482766282711617,0.04207984781739899
id23018,0.4176119900629165,0.2067046012096946,0.375683408727389
id07032,0.436429699996164,0.30475403254466077,0.25881626745917397
id16195,0.4412163743097474,0.11284976386299647,0.4459338618272577
id11202,0.20912337754385396,0.5765169835141853,0.21435963894196097
id09578,0.5040386976748003,0.1246690340471012,0.3712922682780994
id26984,0.6060666802524691,0.06485505791743633,0.3290782618300954
id19856,0.18366412223392514,0.7010521783558588,0.1152836994102169
id12086,0.4389696277402834,0.12670334932109195,0.43432702293862535
id12052,0.20611063387139938,0.13333428823438562,0.6605550778942147
id17728,0.21106976786152612,0.0572744882346333,0.7316557439038414
id24608,0.6076413093457974,0.16192082841873742,0.2304378622354666
id21097,0.37661026424482197,0.09444932570584867,0.528940410049329
id20179,0.0866786567679427,0.01566164652945463,0.8976596967026002
id15144,0.44069297807335617,0.36073919363062135,0.1985678282960226
id00206,0.7567919351447782,0.06437490764650286,0.17883315720872017
id22285,0.0839671479978947,0.025837465587073515,0.8901953864150332
id06417,0.2511104638660012,0.3452944762378468,0.4035950598961506
id00215,0.2279687531062069,0.7218791391705767,0.050152107723215614
id04201,0.38627315214186697,0.11210747862401396,0.5016193692341184
id21771,0.8584702112119551,0.08029266644319544,0.06123712234484878
id12451,0.24779260664401745,0.38443737965973723,0.36777001369624607
id14250,0.19537358040071234,0.5463120926895594,0.25831432690972744
id03433,0.21371135014892292,0.642473818504958,0.14381483134612025
id03303,0.2583379797418194,0.09221079196149497,0.6494512282966843
id25901,0.3806462259722343,0.33506226761558394,0.2842915064121822
id06945,0.48965571424666576,0.11776532926608489,0.3925789564872484
id05664,0.40807243786797265,0.36704833222817906,0.22487922990384798
id05741,0.9295616376288305,0.023113641445160565,0.04732472092600953
id10652,0.23584196986441633,0.24927482354389696,0.5148832065916875
id16300,0.8404681829447047,0.06881440647817084,0.09071741057712078
id12319,0.5138875991127736,0.20307977717439252,0.2830326237128322
id07500,0.38994666395707145,0.578817663726711,0.03123567231621488
id12478,0.30211381753791966,0.35569864790879113,0.3421875345532897
id03076,0.26031220125149096,0.05301418947326247,0.6866736092752482
id00969,0.39396085489324456,0.37905085415155293,0.22698829095520295
id23636,0.1653939525204862,0.6942507557204479,0.1403552917590668
id09791,0.18905833668070318,0.11403895153404711,0.6969027117852511
id05680,0.174054628152414,0.26676515424212516,0.5591802176054597
id03672,0.3087403842495693,0.29033410890109496,0.40092550684933803
id04286,0.18497200155314295,0.5982105883817951,0.21681741006506397
id23883,0.11207851222853304,0.3792865258919876,0.5086349618794761
id11914,0.5545339042930905,0.13214994603395375,0.3133161496729565
id20974,0.2419587815099024,0.5993292999659978,0.15871191852410138
id26125,0.18921185256715967,0.13499807750853363,0.675790069924308
id15543,0.45710453914073773,0.12157675648759003,0.4213187043716723
id19471,0.9345271557653682,0.01702241434237685,0.048450429892258014
id11503,0.5941309344213324,0.22212671826739896,0.18374234731127034
id09321,0.15716877804707408,0.6269930301028778,0.21583819185004988
id25560,0.04992388852975604,0.03363477422139825,0.9164413372488467
id06726,0.3504776211323173,0.211921754528629,0.437600624339052
id05709,0.7691926381661517,0.08122789133379836,0.1495794705000489
id09788,0.31351925374380163,0.41965276693846854,0.2668279793177292
id05289,0.9223572676585051,0.04702994305643633,0.03061278928505751
id11815,0.12201102630757066,0.7889246510089644,0.08906432268346641
id22422,0.4314210704793259,0.25195114065403584,0.31662778886663934
id25954,0.6730683561861992,0.06322138605348518,0.26371025776031487
id13601,0.4252622084766548,0.38892794476771003,0.18580984675563497
id05677,0.6807811715769201,0.06873595643645283,0.25048287198662617
id10498,0.24173363614326007,0.6822750491677771,0.07599131468896585
id02665,0.3532579743155642,0.47004410418180814,0.17669792150262678
id10114,0.2020530343294947,0.46045896393400826,0.3374880017364963
id26314,0.518327945494682,0.2731242025363344,0.2085478519689805
id21240,0.3226147833851462,0.22286756874943514,0.45451764786541843
id15569,0.7503671921857404,0.13288940965076526,0.11674339816349498
id25928,0.4116089111193561,0.14916219433720593,0.4392288945434374
id22706,0.42648115362850425,0.49121946991836635,0.08229937645313035
id20877,0.12612450667062025,0.6700197932240692,0.20385570010531343
id04318,0.5309496989992066,0.13983302263050668,0.32921727837028547
id18299,0.22637222312143915,0.6039160969549059,0.16971167992365596
id08126,0.27698666333720506,0.031414407529438776,0.6915989291333563
id14293,0.515773456870921,0.05895406616930153,0.4252724769597804
id12759,0.880327647075672,0.05931184700685335,0.06036050591747578
id11983,0.5705511756052002,0.10588856967230377,0.32356025472249594
id05580,0.3837692793020246,0.3907032317657287,0.22552748893224356
id25846,0.45613673557064904,0.2740822727149269,0.26978099171442504
id01939,0.3980887215421941,0.13059350178599047,0.47131777667181485
id26327,0.2332105934896618,0.3972601454143469,0.3695292610959906
id11068,0.19666852716592867,0.11374109919675925,0.689590373637315
id08404,0.6581917339313955,0.0985119822199191,0.24329628384868515
id27189,0.6155873987341823,0.2835581190084986,0.10085448225731705
id15119,0.2801033257518346,0.47170799293051674,0.24818868131764765
id26525,0.7729908188109457,0.08277424376414694,0.14423493742490703
id03618,0.5264085326828136,0.26163169859364865,0.21195976872353953
id27220,0.8149780804725375,0.09208295111194742,0.09293896841551451
id18777,0.1574657894816696,0.04633522929600663,0.7961989812223229
id20213,0.6386077176023115,0.1783923851534068,0.18299989724428095
id20403,0.6926360900032825,0.22421704452919372,0.08314686546752297
id03777,0.3487836904935606,0.09648602205688692,0.5547302874495504
id10595,0.30610139758213667,0.5407605017370201,0.15313810068084663
id13816,0.38163878151849534,0.053424611442910275,0.5649366070385939
id05667,0.22506933020674721,0.17254047888521046,0.6023901909080418
id24629,0.32588713280221515,0.13596892531982316,0.5381439418779624
id20398,0.2895237130167817,0.32436882173731,0.3861074652459066
id14108,0.11538497556055462,0.056164533353144,0.8284504910863012
id06196,0.0783217929438696,0.8769998682829844,0.04467833877314438
id02800,0.337453298452951,0.48246008051081185,0.18008662103623854
id18732,0.15093688349246245,0.7637585774166991,0.08530453909084075
id11915,0.34068780143769206,0.45300055156651,0.20631164699579974
id09739,0.4538545656506935,0.10957006172440119,0.4365753726249071
id24672,0.7605639987685204,0.14759026203322295,0.09184573919825977
id00414,0.08726787075809829,0.12946287123166733,0.7832692580102324
id16307,0.6117026247631674,0.18201360179334206,0.20628377344349044
id14043,0.2801481876192508,0.13457955255653406,0.5852722598242154
id00517,0.014412371992062559,0.009436603591997437,0.9761510244159417
id09744,0.7571037039379065,0.1898912791410899,0.053005016921004816
id19257,0.7115121200632689,0.14654011951751014,0.14194776041921958
id15437,0.4676858222099604,0.40244775920016473,0.12986641858987513
id16352,0.31717838879984706,0.11402246163085432,0.5687991495692998
id18849,0.4199785980497087,0.283569654163588,0.2964517477867044
id19434,0.03609570642187369,0.9275224789966384,0.036381814581484484
id17928,0.31735624420986086,0.15136690792071145,0.5312768478694251
id16896,0.22572515153738135,0.050323403196441414,0.7239514452661772
id02135,0.37471489546723646,0.28025882618876197,0.34502627834400024
id15075,0.7310741259141281,0.12839688484873546,0.14052898923713633
id27486,0.13911983966856828,0.7749213388339562,0.0859588214974738
id19422,0.7256552725227073,0.14819683244723691,0.1261478950300551
id09603,0.22593506132886987,0.5127152599560517,0.2613496787150769
id02133,0.2765752218583258,0.4395646951744836,0.2838600829671903
id03441,0.3643887030091502,0.11392446178843521,0.5216868352024154
id02398,0.2358582181983779,0.7012557701709333,0.06288601163069009
id05152,0.32600720890510243,0.08594727702943934,0.5880455140654592
id17838,0.3188556973589386,0.11294709943436389,0.5681972032066959
id25060,0.858466853098599,0.08091603750654765,0.0606171093948558
id09998,0.2612238258370098,0.14466877511639825,0.5941073990465922
id01828,0.1926731163584644,0.5858016268807348,0.22152525676080057
id25377,0.3942175074077771,0.12397710802392757,0.4818053845682936
id22175,0.24243317253765626,0.6697170908253997,0.08784973663694555
id02974,0.21219205998247753,0.0963801323901253,0.6914278076273958
id26955,0.8468490305709,0.09157014015159273,0.0615808292775062
id21091,0.7164821529787833,0.113684523055784,0.16983332396543355
id12802,0.7523335446482189,0.1700350278681588,0.07763142748362213
id07432,0.08857878047737477,0.8266071530306912,0.08481406649193075
id18749,0.40112068174019183,0.27601895411338717,0.32286036414641806
id15030,0.1565135577542854,0.17801619552743358,0.6654702467182839
id17155,0.35249914934744614,0.5316793398219472,0.11582151083060749
id08128,0.1217473017960495,0.6210803421956111,0.2571723560083403
id25706,0.0663549235614849,0.6957404007161668,0.23790467572234533
id15645,0.5839239129281029,0.2669005325150313,0.1491755545568655
id04943,0.761249445048695,0.09018596737121415,0.1485645875800898
id27566,0.2335518265036287,0.07732867573513216,0.6891194977612393
id11765,0.3915812090813025,0.2476359719031054,0.3607828190155898
id13783,0.4187959896415904,0.31573163647626246,0.2654723738821471
id00492,0.12306271854496251,0.08579051077869733,0.7911467706763401
id27636,0.2421576395206911,0.09685499754953422,0.6609873629297766
id04273,0.6813124224210236,0.18673663786961392,0.13195093970935998
id02537,0.30383277728446284,0.32335876118988705,0.3728084615256502
id24349,0.7403699645645397,0.18100563904051295,0.07862439639495053
id00023,0.10182772119696651,0.7377813435053742,0.1603909352976578
id23025,0.5702746770868677,0.33786624244484204,0.09185908046828992
id08722,0.6600073714642443,0.12897575916710552,0.21101686936864952
id02420,0.8796963272573446,0.08458415834497392,0.03571951439768386
id10811,0.6733145375916225,0.10607226950725246,0.22061319290112363
id04019,0.1563987652456214,0.0836551909296516,0.7599460438247302
id18334,0.8756306136554239,0.07919874259705788,0.045170643747519446
id16781,0.37572305650691123,0.45332689324242625,0.1709500502506621
id08773,0.4776018068942678,0.41340631910062664,0.10899187400510926
id19214,0.5572887040134998,0.19369529131671775,0.24901600466978266
id09589,0.07911521602145706,0.7172057290781786,0.20367905490036547
id24246,0.5260340196209123,0.09948143645802973,0.3744845439210616
id23577,0.6828387512365527,0.26774225476130536,0.04941899400214164
id09305,0.5491323953861469,0.12888952787770877,0.32197807673614404
id16460,0.4398737242419826,0.09474524093437442,0.4653810348236429
id21115,0.44155192468964316,0.24478363115265278,0.3136644441577043
id25996,0.4770888195064707,0.17467165236258922,0.3482395281309411
id02551,0.13380077673117674,0.16068333091405687,0.7055158923547649
id19352,0.14250135966436184,0.018654583754475075,0.8388440565811636
id03806,0.2891702354640313,0.08566291044602517,0.6251668540899423
id26544,0.5584454990010173,0.21981974882910993,0.22173475216987296
id18761,0.7730287824216319,0.10275234656863422,0.12421887100973596
id24148,0.4312402751763618,0.4610001147842092,0.10775961003942934
id16095,0.21410126910267704,0.5174472383329367,0.2684514925643871
id18442,0.6063320024946631,0.13551401032808222,0.2581539871772544
id22596,0.0333217740269966,0.006687425268738987,0.9599908007042648
id23002,0.15197414909660106,0.0876804444380678,0.7603454064653323
id04797,0.8500072796376286,0.06437626034698044,0.08561646001539133
id06610,0.3282948783707034,0.06874251241725442,0.6029626092120443
id16173,0.3764065721781676,0.37790043118311994,0.2456929966387123
id18292,0.32932527562338637,0.13144893722899942,0.5392257871476146
id27328,0.8699359426378099,0.04703254351203296,0.08303151385015804
id01695,0.2779828427853503,0.5954717576288128,0.12654539958583527
id05761,0.5524821292382975,0.08713413245305181,0.36038373830865206
id16354,0.8183535360161893,0.07671672298996969,0.10492974099383935
id12207,0.21304985011921873,0.4191437001530096,0.3678064497277704
id05665,0.3902512668766668,0.06646032041021112,0.5432884127131226
id01911,0.6745711174665235,0.21395419691263795,0.11147468562083702
id19153,0.14356793593473288,0.06036510826640828,0.7960669557988603
id10295,0.5100144232457886,0.2696653470430017,0.22032022971120893
id23038,0.45178554191357767,0.3303254749935432,0.21788898309288024
id23783,0.5284943593501417,0.3913067904078946,0.08019885024196272
id27879,0.6903135847434814,0.21007008478178413,0.09961633047473498
id19190,0.14604702679114173,0.8083646190396593,0.04558835416919866
id05065,0.8110483397085869,0.07580636561870503,0.11314529467270777
id21296,0.1547763368489006,0.5592076963344731,0.28601596681662556
id13262,0.40815198509818446,0.23796366738968922,0.3538843475121253
id10333,0.7218694103939504,0.07220874432461682,0.2059218452814306
id16677,0.251942720633546,0.271929839798758,0.4761274395676991
id01392,0.34761964231301734,0.09449032884770733,0.5578900288392741
id27874,0.3818279652547447,0.2713277743095681,0.3468442604356861
id02294,0.072464427372468,0.7844869953491447,0.14304857727838688
id18298,0.1395600607794519,0.15859790328130344,0.701842035939245
id06997,0.7741021618785147,0.0799482171711121,0.14594962095037453
id05243,0.389852206104689,0.20341769471649596,0.4067300991788156
id00860,0.2160615003999062,0.48243301797577304,0.30150548162432045
id26681,0.8413083830687943,0.10455756703193403,0.05413404989927277
id06020,0.06199971598561929,0.008102860441418175,0.929897423572961
id27683,0.496444292908878,0.2262034767521669,0.2773522303389559
id17655,0.19211572630434656,0.7456093583500276,0.06227491534562723
id08817,0.2445168370754589,0.10201569985892577,0.6534674630656169
id11512,0.10393682065814666,0.10132499462184008,0.7947381847200116
id00478,0.2802151672625216,0.1429891014179045,0.5767957313195748
id02116,0.6705907780838305,0.136051579840485,0.19335764207568445
id06746,0.8039148336633652,0.10336540955630899,0.0927197567803263
id03863,0.3492886100519262,0.5021836741813658,0.14852771576670842
id01802,0.279668684613224,0.4460371559436096,0.2742941594431652
id11682,0.5819425829697928,0.08752091280197406,0.33053650422823305
id04033,0.13881953269333,0.6176940093597523,0.2434864579469175
id09286,0.31974924101371877,0.3439874462665173,0.3362633127197612
id12904,0.9264961734428663,0.047652338002957796,0.02585148855417588
id07420,0.1226274593301042,0.0701005071494954,0.8072720335203989
id22398,0.05735326728928386,0.8631237620877708,0.07952297062294365
id00424,0.32251047164083485,0.11573548181984539,0.5617540465393205
id20960,0.7328935740230412,0.16603090223058367,0.10107552374637434
id10267,0.49029000426825003,0.2850225523982372,0.2246874433335133
id19330,0.40195010458504105,0.03952364019677892,0.5585262552181784
id00994,0.19010895904190708,0.6728874167104868,0.1370036242476096
id10785,0.6007554840343025,0.18983484069933154,0.2094096752663656
id00955,0.11602221582314709,0.7879741729482892,0.09600361122856303
id09757,0.1277308648489406,0.8285852972170922,0.04368383793396672
id10030,0.24635389594920323,0.12645264143251272,0.6271934626182843
id22952,0.17771730553198872,0.1612647079446073,0.6610179865234047
id21955,0.05328005664638787,0.057850324596776075,0.8888696187568361
id07674,0.4186042234816239,0.24019967934696249,0.341196097171412
id13760,0.35809608603914095,0.5275103213169398,0.11439359264392258
id18166,0.646839589836108,0.0667112123614054,0.2864491978024857
id23498,0.7460028502045106,0.20492403893009203,0.049073110865397646
id05296,0.8426800701538811,0.05036116677295491,0.10695876307316353
id26709,0.5929157386314314,0.1722671496720872,0.23481711169648445
id02853,0.7450363252148314,0.15855416211494827,0.09640951267022058
id06800,0.32956983105524756,0.20610277680258798,0.4643273921421627
id14758,0.37802141141356266,0.3688512420122124,0.2531273465742269
id12356,0.6593409959822614,0.1948047416573231,0.14585426236041482
id21492,0.509809576600086,0.2762599134746602,0.21393050992525223
id27540,0.4992808602287505,0.06154831153676098,0.43917082823448744
id07376,0.36406148225194573,0.37124573627137564,0.26469278147667696
id15201,0.6527728264707761,0.23674864527259157,0.11047852825663318
id23388,0.19160733923604825,0.6207183956330148,0.18767426513093724
id13923,0.2629218684392044,0.5687862324038536,0.1682918991569408
id00794,0.20315804032334123,0.6829696808824215,0.11387227879423405
id23910,0.40366798703654505,0.18789366950582176,0.40843834345763097
id02556,0.13495193541979272,0.15453020010016483,0.7105178644800426
id22151,0.15163193272576173,0.7518833277713222,0.09648473950291976
id11698,0.2131636535324158,0.592901730299148,0.19393461616843513
id11627,0.48136272825833426,0.20452500705102497,0.31411226469063913
id06340,0.9423404795757396,0.03165830108169581,0.02600121934256302
id05123,0.6732759884975025,0.1512954896553407,0.17542852184715746
id26620,0.1285301909807876,0.038303300622389416,0.8331665083968228
id04002,0.19916894274117433,0.2805480002658313,0.5202830569929948
id26554,0.3975167259953729,0.30212184024569666,0.30036143375893104
id18012,0.30021222708008105,0.2385503562210118,0.46123741669890894
id12964,0.2406631743580476,0.0753144655035877,0.6840223601383645
id18965,0.24096240618235393,0.4237396116716844,0.33529798214596346
id19082,0.18663905284145935,0.06283506539028609,0.7505258817682546
id26742,0.1360598484697458,0.04184660020537213,0.8220935513248825
id15442,0.2527003755251006,0.5069955939864095,0.2403040304884913
id16647,0.4053767212427715,0.19577361889062977,0.39884965986659715
id11544,0.3750388009512466,0.12137223752273384,0.503588961526021
id20581,0.4238994859508717,0.19103596992315852,0.38506454412597085
id13192,0.41338111919546466,0.268305628386034,0.31831325241850067
id15814,0.31758185869502975,0.22901952593243993,0.4533986153725303
id26279,0.35464339743764245,0.5294979361903197,0.11585866637203474
id00240,0.8052563644829986,0.08959727639300118,0.10514635912399987
id22836,0.8826310322505818,0.05435532046634467,0.06301364728307564
id15085,0.17098735427854408,0.3833602154093614,0.44565243031209645
id17495,0.4511165661511945,0.09294661894057282,0.45593681490823096
id26762,0.5302486551373943,0.22414420653007516,0.24560713833253003
id13685,0.8658529960224317,0.03145878355151007,0.10268822042605466
id16560,0.1302472348656631,0.8135355500876065,0.056217215046729004
id17184,0.05166638926164881,0.8722684031421991,0.07606520759615262
id21635,0.9523594966706078,0.023303042155558343,0.024337461173833518
id26751,0.27939869038480963,0.48177581803633146,0.23882549157885888
id12351,0.7338851588710001,0.07836183970516127,0.1877530014238373
id14872,0.45501068030455055,0.25311264205412976,0.29187667764131997
id18372,0.6166527726347537,0.23429231254129806,0.14905491482395
id26851,0.5285352678595836,0.24288493625721488,0.2285797958832014
id22659,0.576391990295894,0.3738653747258417,0.049742634978264144
id04102,0.043053268438750805,0.011527176729154334,0.9454195548320969
id02353,0.2659377600833835,0.5974128836869242,0.13664935622969043
id26721,0.8164506139031122,0.11489000958746053,0.06865937650942579
id11171,0.5696213012261856,0.14922179904188115,0.28115689973193403
id13562,0.3769151737473316,0.3398283377128993,0.28325648853976904
id26425,0.7698122442431707,0.061002265208625506,0.16918549054820362
id26394,0.48752644315636157,0.1492921045401891,0.36318145230345056
id22187,0.33609953401716663,0.4751498479220683,0.1887506180607651
id00422,0.8517732480612216,0.039350150779053475,0.10887660115972692
id22667,0.10984943296868659,0.8651071616308394,0.025043405400474002
id00911,0.5070435160423189,0.2648940474940164,0.22806243646366414
id17291,0.3666555808619339,0.14090339450263048,0.4924410246354355
id01915,0.3475290696252387,0.19892468303708724,0.4535462473376754
id01434,0.13417884414151043,0.08503304370850367,0.7807881121499867
id01584,0.5024508620523336,0.1353720606605337,0.36217707728713233
id09266,0.670835025202842,0.10531912205024975,0.22384585274691057
id17494,0.09968814526860861,0.8406402028872567,0.05967165184413614
id24919,0.21212915010222574,0.31561367188777606,0.472257178009997
id21043,0.2719836515013649,0.016703686164441876,0.7113126623341967
id17796,0.23178604345647297,0.654676411496265,0.11353754504726483
id02166,0.46152108161413347,0.07354132658640364,0.4649375917994639
id17503,0.7073571494890264,0.07600622168546216,0.2166366288255137
id21203,0.31555579262192196,0.23452962612192846,0.44991458125615014
id25626,0.9150698242210976,0.03558069284177581,0.04934948293712891
id09836,0.8984166858681469,0.06265421295173815,0.03892910118011529
id24202,0.23539219347029436,0.17551849710979298,0.5890893094199112
id27260,0.42120108253944105,0.24587518651624934,0.3329237309443102
id23167,0.12840121865441834,0.04768372009856016,0.8239150612470226
id10393,0.1561128070397345,0.744158391670304,0.09972880128996296
id01171,0.42472357115049786,0.37809714523545795,0.19717928361404344
id06380,0.7846609554812213,0.10850178853425013,0.10683725598452778
id22686,0.43442846216238773,0.06758570788159805,0.4979858299560149
id26250,0.249175466817744,0.06174538809523077,0.6890791450870242
id09315,0.40171128896115355,0.35370605078650735,0.24458266025233869
id00886,0.3494939329591869,0.34624427123963786,0.30426179580117363
id03101,0.5655983897235702,0.18588873863465574,0.24851287164177405
id12367,0.48001130432995043,0.15728664619703905,0.36270204947300955
id10770,0.5236641066190714,0.0976493019545587,0.3786865914263686
id14949,0.2410052884224869,0.6944013873613147,0.06459332421619549
id14141,0.3942322663659097,0.44690879105967396,0.15885894257441968
id25417,0.4172794474892923,0.3618601719121489,0.22086038059855775
id26873,0.44303440917895487,0.16718913423896378,0.38977645658207966
id10818,0.3255903794604138,0.08370216389823297,0.5907074566413516
id15146,0.4767318130840728,0.049775328378500516,0.4734928585374268
id23328,0.6411529885843098,0.223970800222918,0.13487621119277096
id16765,0.3901829359679191,0.34297237338875564,0.26684469064332567
id24383,0.7745890332153081,0.06189176865196386,0.16351919813272828
id21304,0.6638457131475386,0.11979488501427994,0.21635940183818084
id12551,0.2318335611225379,0.65195891770065,0.11620752117680944
id23274,0.2840302819136398,0.20567784828650804,0.5102918697998552
id08117,0.4506699168080403,0.15845363690822706,0.39087644628373147
id23961,0.7614488822063171,0.10350730608997591,0.13504381170370736
id13865,0.18881361902939992,0.7134899187131885,0.09769646225741217
id22807,0.3628019233442437,0.11178819213016497,0.5254098845255942
id08951,0.24660277620993454,0.22087469814304556,0.5325225256470192
id18684,0.8649133037307987,0.08296984272624769,0.05211685354295529
id25179,0.2576434788365422,0.31787354517695104,0.4244829759865073
id27033,0.6972928404957961,0.08501196721554401,0.21769519228865802
id13977,0.32980816848606886,0.39831941014540734,0.27187242136852385
id19337,0.12324967945372219,0.5623791599398985,0.31437116060638176
id25764,0.39812779938575604,0.44684087968611946,0.1550313209281212
id16106,0.3107887493175258,0.23243528340662892,0.4567759672758446
id05468,0.11896700956921508,0.06041479250509628,0.820618197925691
id05241,0.7753706271750587,0.06462651640962615,0.16000285641531553
id10215,0.48806834404110494,0.2357125288480604,0.27621912711083335
id23457,0.1505701390480406,0.13902714969369054,0.7104027112582698
id02200,0.82914707894094,0.11286692009547272,0.05798600096358089
id13714,0.3932501662651569,0.43912746308327055,0.16762237065157204
id20332,0.03711723879001861,0.03310171565672348,0.9297810455532601
id18573,0.2691762461048952,0.23565681457714185,0.4951669393179625
id08569,0.7590554948496796,0.03644892188860605,0.20449558326171527
id22767,0.5705112710778865,0.23989012310724558,0.18959860581486898
id25390,0.29775625955971063,0.48013614279157646,0.2221075976487144
id09288,0.8050600722541766,0.09240794711587098,0.10253198062995277
id12381,0.805168837185441,0.09454850022922802,0.10028266258532938
